SIZES
  nstack                1835008
  nbuffer               617792
  nplugin               0
  maxuse_stack          690
  maxuse_arena          20620
  maxuse_con            8
  maxuse_efc            25
  solver_iter           0
  solver_nnz            144
  nbodypair_broad       5
  nbodypair_narrow      2
  ngeompair_mid         5
  ngeompair_narrow      2
  ne                    0
  nf                    0
  nefc                  10
  nnzJ                  120
  ncon                  3

WARNING
    6:  lastinfo = 6   number = 1

TIMER
    0:  duration =  0          number = 0
    1:  duration =  1.1        number = 38
    2:  duration =  0          number = 0
    3:  duration =  0.8        number = 38
    4:  duration =  0.044      number = 38
    5:  duration =  0.0076     number = 38
    6:  duration =  0.012      number = 38
    7:  duration =  0.17       number = 38
    8:  duration =  0.059      number = 38
    9:  duration =  0.032      number = 38
    10:  duration =  0.62       number = 38
    11:  duration =  0.071      number = 38
    12:  duration =  0.0019     number = 38

ENERGY =   0         0       

TIME =  4e+02   

QPOS
  -0.32    
   0.061   
   0.23    
   0.47    
   0.37    
  -0.6     
   0.53    
   35      
  -0.77    
  -16      
  -2.3     
  -0.12    
  -19      

QVEL
   0.0016  
  -0.0016  
  -0.00055 
   0.0031  
  -0.0066  
  -0.0075  
   0.0014  
   0.0015  
  -0.023   
  -0.0025  
   0.011   
  -0.013   

QACC_WARMSTART
  -0.92    
   12      
   32      
   0.43    
   1.6e+02 
  -49      
  -1.9e+03 
  -69      
   1.6e+03 
   67      
  -1.6e+02 
   18      

CTRL
  -40      
   0       
   0       
   0       
   0       
   0       

QFRC_APPLIED
   0       
   0       
   0       
   0       
   0       
   0       
   0       
   0       
   0       
   0       
   0       
   0       

XFRC_APPLIED
   0         0         0         0         0         0       
   0         0         0         0         0         0       
   0         0         0         0         0         0       
   0         0         0         0         0         0       
   0         0         0         0         0         0       
   0         0         0         0         0         0       
   0         0         0         0         0         0       
   0         0         0         0         0         0       

QACC
  -0.92    
   12      
   32      
   0.43    
   1.6e+02 
  -49      
  -1.9e+03 
  -69      
   1.6e+03 
   67      
  -1.6e+02 
   18      

SENSOR
   0.47    
   0.37    
  -0.6     
   0.53    
   0.0031  
  -0.0066  
  -0.0075  
   41      
  -8.9     
  -12      

XPOS
   0         0         0       
  -0.32      0.061     0.23    
  -0.5       0.068     0.19    
  -0.51     -0.12      0.096   
  -0.59     -0.017     0.31    
  -0.16      0.01      0.29    
  -0.086     0.03      0.092   
  -0.086    -0.22      0.048   

XQUAT
   1         0         0         0       
   0.47      0.37     -0.6       0.53    
   0.083     0.76     -0.24     -0.59    
  -0.62      0.3      -0.52      0.51    
   0.58     -0.31     -0.74      0.14    
   0.76      0.28      0.53      0.26    
  -0.32      0.74      0.3      -0.51    
   0.34     -0.73     -0.33      0.5     

XMAT
   1         0         0         0         1         0         0         0         1       
  -0.27     -0.95     -0.17      0.049     0.16     -0.99      0.96     -0.28      0.0019  
   0.18     -0.27     -0.95     -0.47     -0.87      0.16     -0.87      0.41     -0.28    
  -0.061     0.32      0.95     -0.94      0.3      -0.16     -0.33     -0.9       0.28    
  -0.13      0.3      -0.95      0.61      0.77      0.16      0.78     -0.56     -0.28    
   0.31     -0.086     0.95      0.69      0.71     -0.16     -0.66      0.7       0.28    
   0.3       0.12     -0.95      0.77     -0.62      0.16     -0.57     -0.77     -0.28    
   0.29      0.15     -0.95      0.81     -0.56      0.16     -0.51     -0.82     -0.28    

XIPOS
   0         0         0       
  -0.32      0.071     0.23    
  -0.5      -0.0028    0.17    
  -0.54     -0.071     0.2     
  -0.59     -0.016     0.31    
  -0.14      0.0087    0.22    
  -0.089    -0.085     0.073   
  -0.081    -0.22      0.049   

XIMAT
   1         0         0         0         1         0         0         0         1       
  -0.95     -0.17     -0.27      0.16     -0.99      0.056    -0.28      0.0099    0.96    
  -0.27     -0.87     -0.4      -0.87      0.4      -0.29      0.42      0.27     -0.87    
   0.31     -0.56      0.77      0.3       0.82      0.48     -0.9       0.08      0.43    
   0.3      -0.58     -0.76      0.77     -0.32      0.55     -0.56     -0.75      0.35    
  -0.084     0.59      0.8       0.71     -0.53      0.47      0.7       0.61     -0.38    
   0.12      0.38     -0.92     -0.62     -0.69     -0.37     -0.78      0.61      0.15    
   0.15     -0.88     -0.44     -0.56     -0.44      0.7      -0.82      0.15     -0.56    

XANCHOR
  -0.32      0.061     0.23    
  -0.5       0.068     0.19    
  -0.51     -0.12      0.096   
  -0.59     -0.017     0.31    
  -0.16      0.01      0.29    
  -0.086     0.03      0.092   
  -0.086    -0.22      0.048   

XAXIS
   0         0         1       
  -0.95      0.16     -0.28    
   0.95     -0.16      0.28    
  -0.95      0.16     -0.28    
   0.95     -0.16      0.28    
  -0.95      0.16     -0.28    
  -0.95      0.16     -0.28    

GEOM_XPOS
   0         0         0       
  -0.32      0.06      0.23    
  -0.32      0.06      0.23    
  -0.5      -0.016     0.16    
  -0.5      -0.016     0.16    
  -0.54     -0.071     0.2     
  -0.54     -0.071     0.2     
  -0.59     -0.016     0.31    
  -0.6      -0.016     0.31    
  -0.13      0.0069    0.2     
  -0.13      0.0069    0.2     
  -0.089    -0.085     0.072   
  -0.089    -0.085     0.072   
  -0.08     -0.22      0.05    
  -0.078    -0.22      0.05    

GEOM_XMAT
   1         0         0         0         1         0         0         0         1       
  -0.96      0.2       0.21      0.17      0.98     -0.14     -0.23     -0.1      -0.97    
  -0.96      0.2       0.21      0.17      0.98     -0.14     -0.23     -0.1      -0.97    
   0.91      0.41      0.077    -0.29      0.49      0.82      0.3      -0.77      0.57    
   0.91      0.41      0.077    -0.29      0.49      0.82      0.3      -0.77      0.57    
   0.95     -0.25      0.2      -0.16     -0.91     -0.38      0.28      0.32     -0.9     
   0.95     -0.25      0.2      -0.16     -0.91     -0.38      0.28      0.32     -0.9     
   0.95     -0.3      -0.13     -0.16     -0.07     -0.98      0.28      0.95     -0.11    
  -0.13     -0.3       0.95      0.61     -0.77     -0.16      0.78      0.56      0.28    
   0.91     -0.01     -0.4      -0.087     0.97     -0.22      0.39      0.24      0.89    
   0.91     -0.01     -0.4      -0.087     0.97     -0.22      0.39      0.24      0.89    
   0.95      0.31      0.098    -0.16      0.19      0.97      0.28     -0.93      0.23    
   0.95      0.31      0.098    -0.16      0.19      0.97      0.28     -0.93      0.23    
   0.95      0.085    -0.31     -0.17      0.96     -0.24      0.28      0.28      0.92    
   0.29      0.15     -0.95      0.81     -0.56      0.16     -0.51     -0.82     -0.28    

SITE_XPOS
  -0.32      0.061     0.23    

SITE_XMAT
  -0.27     -0.95     -0.17      0.049     0.16     -0.99      0.96     -0.28      0.0019  

LIGHT_XPOS
   0         0         4       

LIGHT_XDIR
   0         0        -1       

SUBTREE_COM
  -0.32      0.04      0.22    
  -0.32      0.04      0.22    
  -0.53     -0.021     0.2     
  -0.57     -0.046     0.25    
  -0.59     -0.016     0.31    
  -0.12     -0.054     0.15    
  -0.086    -0.15      0.062   
  -0.081    -0.22      0.049   

CDOF
   0         0         0         1         0         0       
   0         0         0         0         1         0       
   0         0         0         0         0         1       
  -0.27      0.049     0.96      0.02     -0.0035    0.006   
  -0.95      0.16     -0.28     -0.0078   -0.0097    0.021   
  -0.17     -0.99      0.0019    0.01     -0.0018    0.003   
  -0.95      0.16     -0.28     -0.0032   -0.022    -0.0019  
   0.95     -0.16      0.28     -0.064    -0.061     0.18    
  -0.95      0.16     -0.28      0.00042  -0.16     -0.097   
   0.95     -0.16      0.28      0.0032    0.022     0.0019  
  -0.95      0.16     -0.28      0.023     0.18      0.029   
  -0.95      0.16     -0.28      0.099     0.23     -0.21    

CINERT
   0         0         0         0         0         0         0         0         0         0       
   0.051     0.039     0.029    -0.00077   0.0061   -0.0059    0.0072    0.29      0.15      9.3     
   0.0065    0.041     0.039    -0.0083   -0.011    -0.0029   -0.2      -0.047    -0.056     1.1     
   0.0072    0.024     0.03     -0.012    -0.0033   -0.0018   -0.093    -0.046    -0.0084    0.41    
   0.0044    0.029     0.027    -0.0052    0.0087    0.0017   -0.094    -0.019     0.032     0.34    
   0.0022    0.038     0.039     0.0058    0.00032   0.00048   0.2      -0.034    -0.00067   1.1     
   0.016     0.035     0.033     0.011     0.014    -0.0072    0.096    -0.052    -0.06      0.41    
   0.033     0.03      0.043     0.021     0.014    -0.015     0.082    -0.089    -0.058     0.34    

ACTUATOR_LENGTH
   35      
  -0.77    
  -16      
  -2.3     
  -0.12    
  -19      

ACTUATOR_MOMENT
   0         0         0         0         0         0         1         0         0         0         0         0       
   0         0         0         0         0         0         0         1         0         0         0         0       
   0         0         0         0         0         0         0         0         1         0         0         0       
   0         0         0         0         0         0         0         0         0         1         0         0       
   0         0         0         0         0         0         0         0         0         0         1         0       
   0         0         0         0         0         0         0         0         0         0         0         1       

CRB
   0         0         0         0         0         0         0         0         0         0       
   0.12      0.24      0.24      0.012     0.03     -0.03      3.9e-16   1.4e-17  -6.9e-18   13      
   0.018     0.094     0.095    -0.025    -0.0051   -0.003    -0.38     -0.11     -0.033     1.9     
   0.012     0.054     0.057    -0.017     0.0054   -0.00016  -0.19     -0.065     0.024     0.76    
   0.0044    0.029     0.027    -0.0052    0.0087    0.0017   -0.094    -0.019     0.032     0.34    
   0.051     0.1       0.12      0.038     0.029    -0.022     0.38     -0.17     -0.12      1.9     
   0.049     0.065     0.076     0.032     0.028    -0.022     0.18     -0.14     -0.12      0.76    
   0.033     0.03      0.043     0.021     0.014    -0.015     0.082    -0.089    -0.058     0.34    

QM
   13        0         0         0.26     -0.1       0.13     -0.042    -0.034    -2.9e-05   0.074    -0.041    -5.4e-05 
   0         13        0        -0.046    -0.13     -0.023     0.035    -0.12     -0.00016   0.26     -0.022    -6.3e-05 
   0         0         13        0.078     0.27      0.039     0.16      0.047     3.8e-06  -0.1       0.13      0.00015 
   0.26     -0.046     0.078     0.22     -0.061     0.025    -0.0061    0.026     3.5e-05   0.055    -0.0073   -1.5e-05 
  -0.1      -0.13      0.27     -0.061     0.16     -0.015     0.033    -0.0087    0.0003   -0.073     0.034     0.00038 
   0.13     -0.023     0.039     0.025    -0.015     0.24     -0.035    -0.0085    5.8e-07  -0.021     0.026     3.6e-05 
  -0.042     0.035     0.16     -0.0061    0.033    -0.035     0.029    -0.0085    0.0003    0         0         0       
  -0.034    -0.12      0.047     0.026    -0.0087   -0.0085   -0.0085    0.029    -0.00028   0         0         0       
  -2.9e-05  -0.00016   3.8e-06   3.5e-05   0.0003    5.8e-07   0.0003   -0.00028   0.00032   0         0         0       
   0.074     0.26     -0.1       0.055    -0.073    -0.021     0         0         0         0.074    -0.031    -0.00037 
  -0.041    -0.022     0.13     -0.0073    0.034     0.026     0         0         0        -0.031     0.029     0.00036 
  -5.4e-05  -6.3e-05   0.00015  -1.5e-05   0.00038   3.6e-05   0         0         0        -0.00037   0.00036   0.00032 

QLD
   12       -0.0014    0.049     1.8       0.54      0.52     -2        -1.2      -0.09      0.75     -1.4      -0.17    
  -0.0014    11        0.022    -1.5       1.8      -0.51      0.051    -4.2      -0.51      5.8      -0.74     -0.19    
   0.049     0.022     11       -0.17     -1         1.2       6.8       1.6       0.012     0.79      4.3       0.45    
   1.8      -1.5      -0.17      0.13     -0.088     0.21      0.048     0.9       0.11      1.2      -0.25     -0.045   
   0.54      1.8      -1        -0.088     0.044     0.019     1.2      -0.29      0.92     -0.91      1.2       1.2     
   0.52     -0.51      1.2       0.21      0.019     0.15     -1.5      -0.29      0.0018    0.18      0.91      0.11    
  -2         0.051     6.8       0.048     1.2      -1.5       0.026    -0.28      0.93      0         0         0       
  -1.2      -4.2       1.6       0.9      -0.29     -0.29     -0.28      0.029    -0.88      0         0         0       
  -0.09     -0.51      0.012     0.11      0.92      0.0018    0.93     -0.88      0.00032   0         0         0       
   0.75      5.8       0.79      1.2      -0.91      0.18      0         0         0         0.041    -1.1      -1.2     
  -1.4      -0.74      4.3      -0.25      1.2       0.91      0         0         0        -1.1       0.029     1.1     
  -0.17     -0.19      0.45     -0.045     1.2       0.11      0         0         0        -1.2       1.1       0.00032 

QLDIAGINV
   0.082   
   0.094   
   0.092   
   7.7     
   23      
   6.5     
   39      
   34      
   3.1e+03 
   24      
   34      
   3.1e+03 

QLDIAGSQRTINV
   0.29    
   0.31    
   0.3     
   2.8     
   4.8     
   2.5     
   6.2     
   5.9     
   56      
   4.9     
   5.9     
   56      

D_rownnz              12 12 12 12 12 12 9 9 9 9 9 9

D_rowadr              0 12 24 36 48 60 72 81 90 99 108 117

D_colind              0 1 2 3 4 5 6 7 8 9 10 11 0 1 2 3 4 5 6 7 8 9 10 11 0 1 2 3 4 5 6 7 8 9 10 11 0 1 2 3 4 5 6 7 8 9 10 11 0 1 2 3 4 5 6 7 8 9 10 11 0 1 2 3 4 5 6 7 8 9 10 11 0 1 2 3 4 5 6 7 8 0 1 2 3 4 5 6 7 8 0 1 2 3 4 5 6 7 8 0 1 2 3 4 5 9 10 11 0 1 2 3 4 5 9 10 11 0 1 2 3 4 5 9 10 11

B_rownnz              12 12 9 9 9 9 9 9

B_rowadr              0 12 24 33 42 51 60 69

B_colind              0 1 2 3 4 5 6 7 8 9 10 11 0 1 2 3 4 5 6 7 8 9 10 11 0 1 2 3 4 5 6 7 8 0 1 2 3 4 5 6 7 8 0 1 2 3 4 5 6 7 8 0 1 2 3 4 5 9 10 11 0 1 2 3 4 5 9 10 11 0 1 2 3 4 5 9 10 11

QDERIV
   0         0         0         0         0         0         0         0         0         0         0         0       
   0         0         0         0         0         0         0         0         0         0         0         0       
   0         0         0         0         0         0         0         0         0         0         0         0       
   0         0         0         0         0         0         0         0         0         0         0         0       
   0         0         0         0         0         0         0         0         0         0         0         0       
   0         0         0         0         0         0         0         0         0         0         0         0       
   0         0         0         0         0         0         0         0         0         0         0         0       
   0         0         0         0         0         0         0         0         0         0         0         0       
   0         0         0         0         0         0         0         0         0         0         0         0       
   0         0         0         0         0         0         0         0         0         0         0         0       
   0         0         0         0         0         0         0         0         0         0         0         0       
   0         0         0         0         0         0         0         0         0         0         0         0       

QLU
   0         0         0         0         0         0         0         0         0         0         0         0       
   0         0         0         0         0         0         0         0         0         0         0         0       
   0         0         0         0         0         0         0         0         0         0         0         0       
   0         0         0         0         0         0         0         0         0         0         0         0       
   0         0         0         0         0         0         0         0         0         0         0         0       
   0         0         0         0         0         0         0         0         0         0         0         0       
   0         0         0         0         0         0         0         0         0         0         0         0       
   0         0         0         0         0         0         0         0         0         0         0         0       
   0         0         0         0         0         0         0         0         0         0         0         0       
   0         0         0         0         0         0         0         0         0         0         0         0       
   0         0         0         0         0         0         0         0         0         0         0         0       
   0         0         0         0         0         0         0         0         0         0         0         0       

CONTACT
  0:
     dim           3
     geom          floor 2
     exclude       0
     efc_address   1
     solref         0.02      1       
     solimp         0.9       0.95      0.001     0.5       2       
     dist          -0.00041 
     includemargin  0       
     pos           -0.32      0.019    -0.00021 
     frame          0         0         1         0         1         0        -1         0         0       
     friction       0.5       0.5       0.005     0.0001    0.0001  
     mu             0.16    
  1:
     dim           3
     geom          floor 2
     exclude       0
     efc_address   4
     solref         0.02      1       
     solimp         0.9       0.95      0.001     0.5       2       
     dist          -1.9e-06 
     includemargin  0       
     pos           -0.14      0.093    -9.6e-07 
     frame          0         0         1         0         1         0        -1         0         0       
     friction       0.5       0.5       0.005     0.0001    0.0001  
     mu             0.16    
  2:
     dim           3
     geom          floor 14
     exclude       0
     efc_address   7
     solref         0.02      1       
     solimp         0.9       0.95      0.001     0.5       2       
     dist          -0.00024 
     includemargin  0       
     pos           -0.072    -0.22     -0.00012 
     frame          0         0         1         0         1         0        -1         0         0       
     friction       0.5       0.5       0.005     0.0001    0.0001  
     mu             0.16    

EFC_TYPE
  3
  7
  7
  7
  7
  7
  7
  7
  7
  7

EFC_ID
  2
  0
  0
  0
  1
  1
  1
  2
  2
  2

EFC_J
   0         0         0         0         0         0         0         1         0         0         0         0       
   0         0         1         0.012     0.04      0.0031    0         0         0         0         0         0       
   0         1         0        -0.066    -0.21     -0.038     0         0         0         0         0         0       
  -1         0         0        -0.029     0.048    -0.22      0         0         0         0         0         0       
   0         0         1        -0.017    -0.058     0.17      0         0         0         0         0         0       
   0         1         0         0.11     -0.26     -0.038     0         0         0         0         0         0       
  -1         0         0         0.041     0.028    -0.22      0         0         0         0         0         0       
   0         0         1         0.065     0.23      0.29      0         0         0        -0.2       0.23     -2.8e-17 
   0         1         0         0.18     -0.28     -0.038     0         0         0         0.3      -0.091    -0.05    
  -1         0         0        -0.26      0.12     -0.23      0         0         0        -0.11      0.085     0.0085  

EFC_POS
  -0.00062 
  -0.00041 
   0       
   0       
  -1.9e-06 
   0       
   0       
  -0.00024 
   0       
   0       

EFC_MARGIN
   0       
   0       
   0       
   0       
   0       
   0       
   0       
   0       
   0       
   0       

EFC_FRICTIONLOSS
   0       
   0       
   0       
   0       
   0       
   0       
   0       
   0       
   0       
   0       

EFC_DIAGAPPROX
   76      
   0.089   
   0.0089  
   0.0089  
   0.089   
   0.0089  
   0.0089  
   1.3     
   0.13    
   0.13    

EFC_KBIP
   2.8e+03   1.1e+02   0.94     -76      
   2.8e+03   1.1e+02   0.92     -82      
   0         1.1e+02   0.92     -82      
   0         1.1e+02   0.92     -82      
   2.8e+03   1.1e+02   0.9      -0.38    
   0         1.1e+02   0.9      -0.38    
   0         1.1e+02   0.9      -0.38    
   2.8e+03   1.1e+02   0.91     -47      
   0         1.1e+02   0.91     -47      
   0         1.1e+02   0.91     -47      

EFC_D
   0.19    
   1.2e+02 
   1.2e+03 
   1.2e+03 
   1e+02   
   1e+03   
   1e+03   
   7.5     
   75      
   75      

EFC_R
   5.2     
   0.0081  
   0.00081 
   0.00081 
   0.0099  
   0.00099 
   0.00099 
   0.13    
   0.013   
   0.013   

ACTUATOR_VELOCITY
   0.0014  
   0.0015  
  -0.023   
  -0.0025  
   0.011   
  -0.013   

CVEL
   0         0         0         0         0         0       
   0.0067    0.0065    0.0048    0.0017   -0.0016   -0.00069 
   0.0054    0.0067    0.0044    0.0017   -0.0016   -0.00069 
   0.0068    0.0065    0.0048    0.0016   -0.0017   -0.00042 
   0.029     0.0028    0.011     0.0016    0.0021    0.0018  
   0.0043    0.0069    0.0041    0.0017   -0.0016   -0.0007  
  -0.0065    0.0087    0.00094   0.0019    0.00047  -0.00037 
   0.0056    0.0067    0.0045    0.00065  -0.0024    0.0023  

CDOF_DOT
   0         0         0         0         0         0       
   0         0         0         0         0         0       
   0         0         0         0         0         0       
   0        -0         0        -0.0015   -0.0014   -0.00037 
  -0         0         0         0.00054   0.00098  -0.0013  
   0        -0         0        -0.00055   9e-05    -0.0019  
  -0.0026   -0.0027    0.0072    0.00064   0.0011   -0.0013  
   0.0026    0.0027   -0.0072    0.00094  -0.0024    0.0013  
  -0.0026   -0.0027    0.0072    0.00071   0.0015   -0.0025  
   0.0026    0.0027   -0.0072   -0.00064  -0.0011    0.0013  
  -0.0026   -0.0027    0.0072    5.4e-06   0.0011   -0.00063 
  -0.0026   -0.0027    0.0072   -0.0021   -0.00035  -0.0016  

QFRC_BIAS
   2.2e-05 
   6.2e-06 
   1.3e+02 
   0.76    
   2.6     
   0.38    
   1.6     
   0.46    
   3.8e-05 
  -0.99    
   1.2     
   0.0014  

QFRC_PASSIVE
   0       
   0       
   0       
   0       
   0       
   0       
   0       
   0       
   0       
   0       
   0       
   0       

EFC_VEL
   0.0015  
  -0.0008  
  -0.00014 
  -0.00035 
  -0.0015  
   0.00073 
  -3.8e-06 
  -0.00086 
  -6.7e-05 
  -0.00038 

EFC_AREF
   1.4     
   1.1     
   0.014   
   0.037   
   0.16    
  -0.076   
   0.0004  
   0.68    
   0.007   
   0.04    

SUBTREE_LINVEL
   0         0         0       
   0         0         0       
   0         0         0       
   0         0         0       
   0         0         0       
   0         0         0       
   0         0         0       
   0         0         0       

SUBTREE_ANGMOM
   0         0         0       
   0         0         0       
   0         0         0       
   0         0         0       
   0         0         0       
   0         0         0       
   0         0         0       
   0         0         0       

ACTUATOR_FORCE
  -40      
   0       
   0       
   0       
   0       
   0       

QFRC_ACTUATOR
   0       
   0       
   0       
   0       
   0       
   0       
  -40      
   0       
   0       
   0       
   0       
   0       

QFRC_SMOOTH
  -2.2e-05 
  -6.2e-06 
  -1.3e+02 
  -0.76    
  -2.6     
  -0.38    
  -42      
  -0.46    
  -3.8e-05 
   0.99    
  -1.2     
  -0.0014  

QACC_SMOOTH
  -11      
  -8.9     
   28      
   1.5e+02 
   1.2e+03 
  -4.8e+02 
  -3.9e+03 
  -1.1e+03 
   1.5e+03 
   9.9e+02 
   4.8     
  -1.6e+02 

EFC_B
  -1.1e+03 
   73      
  -2.5e+02 
   1.7e+02 
  -1.2e+02 
  -2.8e+02 
   1.6e+02 
  -42      
   9.9     
   1e+02   

EFC_FORCE
   14      
   0       
   0       
   0       
   2.2e+02 
   96      
  -55      
   13      
  -0.84    
  -6.4     

EFC_STATE
  1
  0
  0
  0
  4
  4
  4
  4
  4
  4

QFRC_CONSTRAINT
   61      
   95      
   2.3e+02 
   6.5     
  -37      
   51      
   0       
   14      
   0       
  -2.2     
   2.5     
  -0.012   

QFRC_INVERSE
   0       
   0       
   0       
   0       
   0       
   0       
   0       
   0       
   0       
   0       
   0       
   0       

CACC
   0         0         0        -0        -0         9.8     
  -1.4e+02   74       -45       -2.7       10        45      
   1.7e+03  -2.4e+02   5e+02     3.6       53        49      
   1.6e+03  -2.3e+02   4.8e+02   8         58        36      
   1.1e+02   30        32        8.7      -2.1e+02  -1.2e+02 
  -81        63       -26       -2.5       12        45      
   67        38        18       -6        -17        41      
   50        41        13       -4.3      -13        37      

CFRC_INT
   0         2.8e-14  -2.1e-14  -5.7e-14  -9.2e-14  -1.1e-13 
   0         2.8e-14  -2.1e-14  -5.7e-14  -9.2e-14  -1.1e-13 
   30       -49        17        72       -29       -1.9e+02 
   21       -33        26        32       -85       -1.2e+02 
   9.6      -11        21        4.6      -78       -40      
  -0.54     -4.8      -1.6      -17        7         42      
   0.81      2.2      -2.9      -13       -0.85      1.8     
   2.2       3.9      -2.2      -9.1       0.39     -7.9     

CFRC_EXT
   0         0         0         0         0         0       
   33       -51        14        55        96        2.2e+02 
   0         0         0         0         0         0       
   0         0         0         0         0         0       
   0         0         0         0         0         0       
   0         0         0         0         0         0       
   0         0         0         0         0         0       
  -3.5      -4.6       1.4       6.4      -0.84      13      

